37 38 38 39 38
82 83 82 83 83
69 72 75 77 79 83
23 26 27 34
21 24 27 30 32 29
56 57 58 59 62 62
72 75 77 81
79 81 83 86 93
6 8 11 12 17
13 16 23 24 21
85 86 88 92
74 76 78 85 88 92
3 5 6 8 18
48 51 54 63
48 51 58 61 63 65 64
13 14 20 23 23
25 27 35 36 40
59 61 64 67 68 74 81
19 18 21 20
94 95 97 98 98
75 74 75 78 82
49 50 51 56
42 40 41 40 41 44
42 40 41 42 40
70 67 64 66
50 49 48 51 55
66 68 66 67 69 75
91 88 89 90 91 92
28 27 29 29 31 32 31
77 74 75 75
86 85 85 88 92
26 24 24 27 33
48 47 51 54 56 58
43 42 43 46 50 49
20 22 25 26 30 30
11 14 15 19
19 20 23 26 30 37
23 21 24 26 31 34 36
94 96 99 97
88 88 89 92 98 98
19 18 21 27 29 32 36
69 67 69 75 80
69 70 72 74 75 76 75
23 26 29 29
15 17 19 21 22 24 28
34 35 38 44
45 43 45 48
52 54 56 54 57 56
7 6 8 10 13 15 15
81 84 83 87
65 63 65 70
23 24 25 25 27 29
20 22 22 19
2 4 6 6 6
45 48 49 52 55 55 59
74 76 76 79 82 87
4 8 11 12 14
38 41 43 47 44
80 81 83 87 87
3 6 8 10 12 16 20
31 32 36 42
81 82 88 91 94 97 98
36 37 38 44 41
2 3 8 8
63 69 72 76
2 7 10 15
19 26 29 31 32
51 56 59 62 65 63
52 59 60 62 64 64
71 77 79 81 85
7 12 15 18 21 26
40 42 43 46 48 51 49
14 21 24 21 21
27 29 30 32 34 38
56 61 64 66 69 66 72
73 79 79 81 83 84
5 10 13 14 14 17 16
33 38 41 41 41
64 70 70 73 77
34 40 42 43 43 48
46 53 55 59 62
71 79 82 79
38 46 49 51 51
59 66 70 74
82 90 91 97
22 28 33 36 37
64 73 76 74
65 71 72 78 78
20 27 30 36 40
65 72 75 77 83 84 89
6 16 18 20
32 41 43 44 42
52 59 61 64 66 66
80 90 91 93 95 99
22 32 35 38 43
86 94 91 92
81 88 89 87 88 86
22 28 31 33 30 32 32
7 15 14 18
52 60 61 58 64
32 38 41 44 47 49
25 33 34 34 35 36 35
68 75 75 77 80 82 82
79 87 87 91
25 31 34 35 35 42
2 9 13 15 17 18 19
11 22 23 22
4 12 13 16 18 22 22
48 54 58 61 65
11 20 21 24 29
10 22 24 26
6 14 21 23 26 24
55 61 64 65 72 72
64 72 74 76 82 85 89
28 40 42 44 45 46 51
74 72 70 71 68 67 65
80 82 80 83
46 43 41 38 37 38
55 54 55 51
79 77 76 74 73 67
43 42 41 39 37 34 36
30 28 26 24 24
33 31 29 26 22
94 91 89 86 80
39 38 35 33 30 25 23
17 15 14 12 5 5
33 32 31 24 23 19
44 42 36 33 30 23
92 90 82 80
24 21 12 15
88 85 83 74 73 73
31 29 27 17
78 75 69 68 61
60 60 57 55
92 95 91 94
66 64 62 62
67 67 64 60
49 51 49 47 46 41
94 97 94 93 90
85 86 84 87 86 87
40 40 39 41 38 38
82 80 83 82 78
95 99 96 90
94 95 93 93 90
29 31 28 27 30
49 49 47 45 45 44 44
16 19 16 15 13 12 8
12 13 12 5
34 36 32 34
45 43 42 41 41
80 78 77 73 70 69 65
88 90 86 79
60 60 59 56 49 48
83 83 81 80 74 72 73
94 92 87 86 83 82 82
67 69 67 60 56
32 32 26 19
25 24 23 24
82 81 80 77 74 71 71
87 85 83 79
27 26 24 17
66 69 66 63
73 70 67 64 67 66 69
90 93 90 88 88
77 74 75 71
57 56 57 54 52 50 43
29 28 25 25 22
52 50 50 53
19 19 16 14 12 9 9
73 70 69 67 67 65 61
96 93 90 88 88 82
18 14 12 10 7 6 4
27 23 22 20 19 17 19
21 20 17 15 11 11
92 89 85 82 79 75
38 37 33 31 28 22
15 13 7 4 3 2
58 53 52 55
70 69 64 64
39 37 34 33 26 23 19
49 42 41 34
80 73 70 67
79 73 70 67 70
27 20 19 18 15 12 12
92 87 84 81 78 77 73
81 75 73 71 65
60 58 55 52 54
98 96 95 95
87 86 85 84 80
35 33 31 24
41 37 34 31
26 20 17 16 16 18
63 58 58 56 56
96 89 86 86 82
90 85 84 84 77
22 14 13 10 8 6
71 66 62 64
71 65 62 60 56 56
97 90 86 82
35 27 25 19
96 89 87 80 78 76 74
69 58 57 55 53 55
19 14 8 5 5
72 67 64 62 60 54 50
80 75 70 63
32 25 24 21
88 82 80 77 75 72 74
82 73 72 72
87 81 79 76 75 71
99 90 89 86 81
23 16 15 13 12 14 13
82 75 72 69 71 74
21 13 14 11 9 9
67 60 63 60 56
98 95 93 91 88 81
14 9 8 6 3 2
27 18 18 21
20 13 11 11
36 28 26 23 23 19
51 46 45 38
62 55 51 50 48
45 34 31 33
24 17 14 10 8 8
88 77 76 74 70
54 44 40 37 35 29
90 80 78 71 68 65
35 23 20 19 22
76 63 60 58 57 57
81 72 65 62 58
29 21 20 13 10 5
58 55 56 53
43 40 38 30
90 85 86 85 84 82 84
46 53 51 52 56
83 82 81 79 77 68
56 63 66 68 70 73 77
48 43 38 36 35 31
61 53 51 52 45
35 43 48 48
4 11 11 18
71 73 76 83
42 50 51 55 57 60
7 4 7 8 9 8
64 62 61 59 60 63
70 64 62 60 63 63
13 13 18 23
18 20 21 23 30 31 38
38 41 40 44
31 32 29 26 26
46 46 49 51 53 60 64
22 32 33 31 33 37
34 28 26 25 24
92 91 88 90
18 19 20 23 23
31 28 24 22 21 16
84 83 80 76
74 73 65 62 55
52 53 48 42
86 83 80 77 75 69
50 45 44 47 45 42
42 45 43 41 38 35 29
37 37 40 40 44
96 95 94 92 90 84
7 7 9 7 8 15
58 55 53 53
37 43 50 52 54 52
60 65 69 70 73 74 74
61 58 61 59 56 53 49
44 41 40 37 31 27
46 50 53 55 56 54
25 28 27 25 23 21 20
96 93 91 88 87 81 74
80 81 79 76
53 65 66 63
82 74 76 75 71
12 16 18 18
5 11 12 15 20 24
36 30 30 28 25 26
15 21 26 28 28
17 24 25 27 29
76 74 73 70 64
76 70 66 64 61 57
12 13 10 7 2 3
24 26 24 24 23
11 9 10 10
88 80 79 78 73
90 89 89 96
69 70 73 70 73 74
63 69 74 75 78
27 19 17 15 13 10
46 53 54 54 56 62
41 33 31 30 25 25
8 11 12 17
6 6 8 9 12 13 13
13 25 28 30 33
89 82 81 80
41 52 53 55 55
